W_gates[input]:
[[-1.55259239  1.3916489   0.13971845 -0.37569343]
 [ 0.78161372 -0.70892281  0.19440238 -0.11264716]
 [ 0.87138895 -2.11403335  0.76768652  0.88281611]]
W_gates[output]:
[[-0.92755871  1.66524215 -0.43836544 -0.59952259]
 [ 0.49269704 -2.31580633  0.08585929  0.66201672]
 [ 1.40127241 -3.01922792 -0.34422049  0.33428512]]
W_gates[forget]:
[[ 0.78724904  2.67035891 -1.31006383 -1.09358328]
 [-1.44972977 -1.70010325  2.17730013  0.80042754]
 [-0.74614566 -1.21432695  1.21079353  1.52854917]]
W_candidate:
[[-0.44229301  0.19160186 -0.11154971  0.94951686]
 [ 0.83323112 -0.33476438  0.32884203  1.09359236]
 [ 0.76906923 -0.69953504  0.87760198  0.81113749]]
b_gates[input]:
[[ 4.70507017e-08]
 [-2.55583110e-06]
 [-4.98352412e-06]]
b_gates[output]:
[[-1.16212788e-06]
 [-8.49205442e-08]
 [-8.82709041e-08]]
b_gates[forget]:
[[-4.37578979e-06]
 [-1.37483329e-06]
 [-2.12176042e-06]]
b_candidate:
[[0.00274023]
 [0.00274023]
 [0.00274023]]
